***
3 1
5 1
8 4
***
9 4
15 1
***
3 1
6 5
13 1
***
3 1
6 1
8 1
10 4
15 3
19 4
***
3 1
***
***
5 1
7 1
9 1
11 2
***
4 1
6 1
***
2 1
***
2 3
7 4
13 1
15 1
17 1
19 1
***
2 1
5 2
8 1
10 1
15 4
20 1
23 1
***
3 4
8 1
11 1
***
2 1
5 1
8 4
16 3
20 1
23 1
30 1
32 1
36 1
39 1
41 3
51 4
58 3
62 1
***
***
***
2 4
***
8 1
***
7 2
11 4
20 1
23 1
***
3 1
6 1
9 2
***
7 2
10 1
13 3
***
3 3
7 1
11 5
18 5
27 3
34 1
37 1
43 1
45 1
***
3 1
8 5
16 1
18 1
24 1
26 1
***
2 1
11 1
17 1
***
7 1
***
***
3 1
5 3
9 1
***
2 1
6 1
***
***
4 2
9 1
12 1
***
4 1
6 1
***
2 2
6 2
***
2 1
9 1
12 1
***
4 2
11 1
***
3 1
8 3
***
3 1
***
4 4
***
3 1
6 1
8 1
20 1
22 1
***
4 1
7 5
14 1
***
5 1
8 3
12 1
15 1
***
8 1
10 1
12 1
***
***
5 1
7 1
11 3
***
***
8 1
10 1
12 4
22 1
***
10 3
14 1
***
***
2 1
***
***
2 3
7 4
12 1
16 1
19 1
21 1
25 2
***
5 1
8 1
12 5
***
2 1
***
4 1
***
5 1
8 5
19 2
22 1
24 1
28 3
37 1
40 3
44 2
***
2 1
***
4 5
11 1
13 2
***
2 1
5 1
7 5
13 1
15 1
18 1
20 4
26 1
***
3 1
5 1
***
8 1
10 1
***
2 4
9 5
***
2 1
4 1
7 1
9 1
13 1
24 5
32 1
35 1
38 3
42 1
44 1
46 2
51 1
53 1
57 1
***
3 1
8 1
14 2
***
6 4
11 1
14 1
17 1
19 1
22 1
24 1
27 1
29 1
***
***
5 3
13 1
***
2 5
8 1
12 2
***
2 1
5 1
***
2 1
6 1
***
***
2 1
5 1
8 1
10 2
13 1
***
2 5
11 1
***
3 1
6 1
***
***
2 1
***
3 2
6 1
8 4
***
5 1
***
3 1
5 1
***
***
7 1
9 1
***
3 1
6 1
***
***
3 1
***
3 1
10 1
***
3 1
8 1
10 1
***
***
4 1
6 1
12 1
15 1
***
***
6 1
***
3 1
5 3
12 1
16 1
***
4 1
12 1
***
7 4
12 1
***
2 1
9 3
***
6 1
10 1
***
3 1
***
2 1
4 1
***
5 1
7 1
9 1
11 1
15 1
***
***
3 1
11 1
15 1
17 2
21 1
26 4
32 1
35 2
38 1
44 5
***
***
2 1
***
2 4
7 1
10 1
***
4 1
***
***
3 1
5 1
***
5 1
9 1
12 3
***
5 1
8 1
12 1
14 2
***
3 1
5 1
***
***
2 1
4 1
7 1
9 1
11 1
13 1
***
6 1
9 5
15 1
***
2 1
4 1
8 1
10 1
***
4 1
8 4
***
***
2 1
***
2 1
***
3 1
5 3
9 1
13 1
***
3 5
10 3
***
7 3
***
2 1
4 5
10 5
***
4 1
***
2 3
***
2 1
4 1
7 4
13 1
***
6 1
10 1
13 1
15 1
17 1
***
8 3
***
3 5
***
3 3
7 5
13 1
***
***
4 1
***
2 2
9 3
***
***
***
2 1
9 1
17 1
20 1
27 1
29 1
31 4
***
2 3
6 1
***
2 1
5 1
***
***
2 2
6 2
***
2 1
7 4
13 1
16 1
22 3
***
8 1
***
5 1
7 1
***
2 5
***
***
12 4
18 1
24 1
28 5
***
4 1
11 1
13 2
19 4
24 1
***
8 1
***
3 1
***
***
***
***
2 1
***
4 1
6 1
12 1
***
4 1
6 1
8 1
***
2 1
5 1
8 3
***
***
3 1
5 1
***
3 4
11 1
***
***
3 2
***
3 1
5 1
12 1
16 1
18 1
21 4
27 2
30 1
32 1
34 5
43 1
***
***
2 1
4 1
***
3 1
***
2 1
***
6 1
11 1
15 1
18 1
20 1
22 1
***
2 1
5 1
***
***
***
5 1
8 1
***
2 1
6 1
8 1
11 1
13 1
***
5 1
***
2 3
***
8 1
11 1
***
3 1
6 4
14 1
***
2 1
***
4 1
6 1
8 1
13 4
21 3
***
8 5
***
4 2
***
5 2
***
2 1
5 1
***
4 2
***
9 1
***
4 1
7 4
***
3 1
7 1
12 1
***
3 3
8 1
12 2
***
4 3
8 3
12 1
***
3 3
8 1
***
2 1
7 1
***
3 1
5 1
8 1
11 1
13 3
20 1
23 1
26 1
***
***
2 1
***
2 1
***
3 2
6 1
***
***
3 4
8 1
***
***
***
2 1
***
2 1
***
***
4 1
6 3
***
3 4
9 3
13 1
19 1
23 4
28 1
***
6 1
***
5 3
***
11 1
13 1
***
***
3 1
6 4
***
4 1
6 1
8 2
***
4 1
6 1
9 2
13 2
23 3
***
3 2
12 1
***
2 1
5 5
***
2 1
6 1
8 2
11 1
14 2
18 1
***
3 5
***
***
4 1
8 1
***
9 1
11 1
14 1
***
2 1
6 1
8 2
13 2
16 5
22 1
***
***
6 5
***
3 1
5 3
***
***
9 5
***
2 5
8 1
11 1
***
4 1
6 1
***
6 1
***
***
2 5
***
***
6 1
10 1
12 1
***
4 1
14 1
***
3 1
6 1
12 1
19 1
22 1
24 1
***
8 1
14 1
24 1
***
7 2
17 1
***
***
4 1
***
3 1
9 1
***
3 1
***
***
***
5 1
***
4 1
***
5 2
***
10 1
15 1
***
6 3
14 1
17 3
***
3 1
6 3
10 1
13 1
17 1
20 1
22 4
28 4
35 1
37 1
***
***
3 1
8 1
***
3 1
6 2
***
2 1
6 1
***
***
***
7 1
11 1
***
2 1
***
6 1
***
6 5
***
***
3 3
7 2
***
***
2 4
11 1
13 4
19 1
***
6 1
***
3 1
***
***
7 1
10 2
14 1
16 5
24 1
***
4 1
7 5
14 3
18 1
***
3 1
***
3 1
***
3 1
9 1
***
***
6 1
9 1
***
3 3
8 3
***
2 4
10 4
16 1
18 5
25 1
***
6 1
9 1
14 1
17 4
***
3 1
***
2 1
4 1
***
7 1
9 1
12 4
18 4
***
2 1
***
2 1
6 1
8 1
***
7 4
17 1
24 1
***
***
2 1
5 2
***
***
***
7 4
12 1
***
11 1
***
3 1
7 2
***
2 5
***
2 4
7 3
12 1
***
2 1
4 5
***
4 3
8 1
***
7 1
***
7 1
***
***
2 1
6 4
13 1
18 1
21 1
***
***
3 1
10 1
***
2 2
***
2 1
4 3
14 1
16 1
19 3
25 3
***
3 1
***
15 1
19 1
22 3
31 1
37 1
39 1
45 1
47 1
56 4
62 5
68 1
71 1
76 1
***
3 1
***
3 1
10 1
***
4 1
9 1
13 1
15 1
***
2 1
5 1
7 1
9 4
***
7 1
10 1
13 1
***
***
5 5
15 1
***
2 1
***
2 2
7 1
9 3
15 1
17 1
20 1
22 1
***
4 4
***
5 4
***
***
3 1
6 3
10 5
***
2 1
4 1
8 1
***
3 1
***
2 1
***
6 1
8 5
17 2
***
3 5
10 5
20 2
23 1
***
3 1
10 3
15 1
18 1
23 1
***
2 1
***
***
7 3
16 1
19 4
25 1
27 1
33 2
***
8 1
***
***
4 1
8 2
11 2
15 5
***
2 1
6 1
10 1
18 1
***
2 5
***
2 1
6 1
8 1
10 5
16 1
19 3
***
4 1
***
7 1
10 1
***
3 1
5 1
11 1
***
2 2
12 1
***
2 1
5 1
***
14 4
***
3 1
***
3 3
***
***
2 1
***
3 1
***
2 1
5 1
***
2 2
***
***
2 1
***
2 1
***
***
3 1
***
***
3 1
6 1
10 1
12 1
***
5 1
***
2 1
***
2 1
6 1
8 1
10 5
17 1
24 1
26 1
28 1
30 1
***
7 1
***
2 1
5 1
***
***
3 5
9 1
13 1
***
3 3
***
4 1
6 1
8 1
13 5
***
***
3 3
***
2 2
10 1
16 1
18 1
***
