0 1 2 3 0 0 24 8 62
33 74 26 67 68 68 68 68 35 75 75 75 75 75 0 0 0 41 0 0 0 0

4 28 28 61 61 61 61 89 93 93 93 93 44 78 96 34
0 0 0 60 64
98 3 14 60 60 60 60 60 17 11 86 82 2 0 0 0 0
94 43 97 25 6 94
31
77 29 53 53 53 53
20 68 68 68 29 68 68 68 68 47 55
0 0 0
0 0 0 0 87 0 0 0
49 47
75 67 66
0
0 0 0 88 0
50 0 0 0
88 88 0 0 0 0 64 64 64 64 64 0
93 68 53 75 89 64 72 13 87 47
95 95 41 25
0
0
53 64 64 67 5
85 67 67 67 67 52 52 52 21 0 0 0 46 94 9 53 0
60 62 62 62 6
4 97 97 97 97 87 57 86
47 72 2 50 36 72 60 0
34 66 24 21 54 54
32 97
73 96 77 71 12 35
75 75 75 75 14 55 15 50 90 85 64

61 5 28
0 0 73 43 65 65 65 65 12
80 33 58 99 49
66 77 77 77 77 0 0 25 75 2 72 86 6 77
94 94 94 94 89 83 83 83 94 94 94 47 63 27
27 92 20 76 76 76 76 76 81
47 87 39 36 67 98 97 48 75 6
90 90 90 54 54 54 54 54 45 64

86 86 86 86 42 40 63 79 79 79 52 84 51 12 9 0
81 81 81 81 81 67 67 0 0 0 17
48 73
0 0 0 0 44 86 86 86 86 37 55 55 55 55 0 0 6 71 0 0 0
78 78 78 78 2 11 58 65 49 47 4

0 0 0 0 0 0 0
98
43
0
0 0
0
0
87 71 71 71 71
2 75 75 68 68 99 99 99 99 35 23 71 71 71
94 38 64 100 55 55 55 55 0 0 0
19 58 88 74 27 38
27
1 92 92 87 87 87 87 87 19 17 9 0 0 0 0 66 0 0 0 0 0
0
59 59 59 59 59 59 81 81 33 96 17 42 96 96 96
74 57 0 0 0 0

35 0
0
95 8 0 0 2 87 0
0

94 67 89 89 89
9 54
17 6 26 64 64 64 64 64 16 18 88 88 88 88 88
56 56 56 56 82 82 82 61 58 38
68 90 82 35
55 27 80 80 80 80 93 49 90 4 21 73 73 0


78 7 81
61 61 61 61 94 94 94 94 94 48 40 17 84 20 52
15 70 70 70 70 88 58 94 25 72 0 0 0 0 83 0
73 89 68 68 68 68 68 67 67 67 85 68 68 68 68 28 36 3 61
0
16 50 50 50 50 50 77 71 0 0 0 0 81 59
47 0 0 100 0 0 0 0 43 66 67 5 76 76 76 35

50
13 0 0 9 61 48 28 36 82 35

0 0 0 76 76 76 76 76 74 74 74 74 0 0 11
66 66 68 68 57 62 62 100 5 24 84 53 3
0 0 98 41 64 97 8 73 28 25 0 0 0
6 94 94 89 67 87 87
34 23 77 77 0
23 68 0
84 90
60 60 60 60 29 59 100
84 90 100 82 82 82 82 82 5 31 0 0 0 32 13 39
76 76 51 51 51 51 35 91 33
0
17 82 87 82 37 80 80 89 89 89 54 54 54 54 54 63 0 0
26 5 45 38 75 0
0 0 51 34 21 84 84 84 84 77 0 0 0 0 16 0
97 82 92 31
9 96 9
87 64 41 62 62 62 62 62 70 70 70 70 81 54 75
1
33 0
95 15 29 46 30 48 55 55 55 55 55 46 16 98

7
0 0 0 21 20 16 15 65 6
10 81 81 81 57 93 1 33 91 82 0
36 100 0 0 0 65 65 65 65 65 20 12 49 40 93
23 88 81 75 13 0
61 61 61 61

0
0

85 70 19 13 93
69 77 41 16 69 81 81 81 34 4 0

91 28 48 0 0 0 0 57 57 57 57 68 68 68 79 59
98 22 89 89 89 89 53 53 53 53 21 85 100 93 87 26 0
76 76 68 68 68 68 68 1 73 89 89 89 47 64 35 30
0 0 0 0 0 0 0 98 0 0 0 64 64 64 76 0 0 41
71 66 1 52 0
0 0 0 0 56 61

0
73 68 50 20 47
83 83 83 83
0 0 0 47
0 0 0 0 48 73 73 73 54


72 86 86 86 86 49 65 40 23

13 96 87 7 87 69 76 60 3 37
86 86 79 88 0
82 79 6 54 98 94 39 66
24 20 57 64 64 64 64 64 15 75
77 82 0 0 5 45 32 0
1 30
44 69 50 7 67 0 0 34 23
30
53 93 79 79 90 90 90 90 90 65 65
36 20 42 64 74 74 58 90 53
90 25 4 17 79 79 79 49
4 17 66 66 66 85 46 20 69 69 69 22 93 93
82 82 82 82 71 67 82 91 0 0 0 0
55 82 76 78 78 78 78 0 0 0 0 48 2
81 95 95 95 95 95 83 49 80 6 51 51 11 97 0
0
29 57 28 66 73 30 78 78 78 78 78 52
90 48 84 78 61 68
4 91 91 91 91 5 43
84 6 56
0 0 0 0 17
88 99 5 63 8 0
81 21 34
55 55 55 55 81 2 93 15 0 0 0 81 91 91 91 91 76 32



37 67 67 67 67 67 15
15 0
0
45 82 0 0 0 0 28
62 39 47 10 34 47 11
41 34 14 72 75 66 66 63 63 63 63 63
78 78 78 93 93 93 93 93 58 42 8 79 47
63 90 17 60 79 79 79 16 77

13 97 3 53 53 44 25 33 90
49 81 65 52
75 92 8 0 0 48
0 0 0 0 64 65 83 80 71 60 20 95
85 85 85 85 22 70 70 1 37 0 0
73 73 73 11 30 92 92 92 92 13

30 8 36 99 74 31
59 7 79 66 26 75 52 85
51 78 94 35 88 52 63 63 63
79 0 0 0 0 77 77 77 77 0
92 51 51 33 62 62 62 14 76 76 76 76 81

31 0 0 0 0 4
81 81 81 81 81 14 91 14 22 72
88 88 55 55 55
0 0 0 1 82 24 44 65 16 35
0
66 94 55 34 9
46 3 84 0 0 0 0 0 0 61 61 61 61 61 20
94 94 94 94 94 0 0 0 0
35 38 10 20 47 44 52
71 18 64 64 63 77 65 53
20 77 0 0 0 0 33 100 100 100 100 100 92 92 92 63 97 39 16
0

0
65 39 82
41 23 85 71 1 0
83 69 41 0 0 0 0 58 99 43

0
20 6 87 87 22
95 67 96 96 96 96 85 98 0 0 0 0

87 53 53 40 62 61 61 65 0
86 20 78 19 95 20 18 0 0 0 59 86 86 0

51 51 51 51 51 34 93 21 99 58 58 58 58 58 62 62 62 95 0 0 0 60
23 94 55 22 100 49 51

0
71 71 71 0 0 0 69 72 90 84 84 84 84 0 0
46 66 89 79 79 79 79 79 79 100 22 12
71 0 0 0 80 69 74 72 72 59 78 88 75
95 89 0 0 58 19 15 0
5 63 63 98 70
84 80 80 80 80 80 88 32 4 44 25 42 0 0 0
38 82 82 82 82 82 90 0 0 0 50 50 50 12 19 64
20 0 0 0 0 94 11
63
38
93 93 93 36 22 9 16
99 86 44 37
96 93 74 86 86 86 0

99 14
22 96 89 89 89 89
74 55 21 100 35 33 0
74 68 0 0 0 98 92 92 92 92 92 98 98 98 98 23 74 37 51 51
86 0 0 0 79 86 74 55 55 55 55 55 88 88 88 39 5 0
78 61 61 61 61 70 56 63 69 91 42 87


0 0 0 0 4 17 48 10 21
83 83
0
0
29 89 13 91 9 0
59 59 23 13 68 39
74 24 90 76 81 11 16 33 34 29

21 19 76 0 0 0 0 75 62 17 0
77 57 100 66 66 66 66 66 48 39 66 26 55
65 96 21 81 81
60 9 40 15 57 57 57 69 69 69 69 66 4
69 62 87 97 97 30 73 1 54 54 54
74 87 87 87 87 87 83 0 0 0 0 96 84 93 0 0 66
95 49 17 77 77 77 0 0 0 0 54
66 66 66 66 35 83 48 17 51 32 14 0
67 67 16 97 5 45 64 64 64 64 64 87 0 0 0 0 0
53 53 53 40 5 50 65
66 0 0 98 71 77 76 85 50 0 0 0 0
20 25 43 77 93 81 81 92
94 7 8 85 85 85 32 28 76
0
48 31 32 47 84 17 76
94 35 7 75 86 18 89 89 68
61 61 61 61 0 0 4 43 86 22 77 1 0 0 0

98 79 95 99 0 0 0
8 56 43 93 48 17 76
24 48 41 55 49 67
31 28 0 0 97
56 56 56 61 81 7 60 89 89 89 89 89 14 93 8 86 0
0 0 0 0 8
18 1 59 41 14 28 87
4 74 44 98 98 98 98 98 0
85 85 30 66 42 16 61 96 96 96 96
60 0 0 43 73 84


0
7
51 2 0 0 0 88 95 1 0
69 16 95 39
79 79 79 59 93 70
36
11 51 36 43 0 0 0 0 0 0 9 52 0 0 0



2 39 84 84 84 84 84 40 23 76 76 76 6 0 0 0 0
83
17 32
47 79 80
85 85 85 7 85
0 0 0 14 54 42 98 98 98 98 98 20 89 89 89 89 89 56 56 56 56 82 0
66 66 0 0 0 23 0 0 0 44 26 13 41 40 0 0 0

8
85 85 85 14 76
91 94 0
17 0
18 74 2
70 42 7 54 54 54 54 21 35 57 18 80 0
0 0 0 0 83 0
0
0
0
0
20
0 0 0 45 62 62 62 62 72 11 2 47 89 19

52 56
37 72 7 76 55 0 0
57 57 57 57 4 65 65 75 75 75 38 32 0 0 29
1
0
0

35 10 76 76 76 76 76 58 56 56 56 56 56 0 0 12 60
71 71 71 30 75 75 75 75 75 50 70 40 0
90 90 90 90 0 0 0 66 27 2
35 30 62 62 0 0 20 82 82 62 62 62 62 62 80 80 80
13 57 0

0

83 31 27 47 80 80
0
60
0 0 0 0 67 67 67 16 0
0
56 98 71 71 71 71 71 64 85 50 8 75 75 75 75 75 97 11
1 38
18 27 72 72 72 72 79 8 41 23 89 89 89 89 79 60 60 60
15 0 0 0 0 0
24 86 86 86 22 95 74 74 84 0 0 0 0 56 56
0 0 0 0 0
19 87 62 74 80 13 86 0
59 5
43 69 0 0 0 0
78 84 84
62 73 78 78
2 0 0 47 74
17 50 50 50 57 57 57 57 43 20 59 45 1 76


58 58 58 58 58 60 60 60 12 3
40
98 0 0 0 0 87 87 87 87 87 14 44 90
57 0 0 0 0 0 0 0 0 77 77 77 77 80
55 84 82 0
0 0 0
74 89 89 89 89 89 83 18 68 68 68 68 68 0
10 33 34 51 0 0 19 36 63 63 63 63 63
66 66 66 66 68 68 68 68 7 74 99 64 64 64 64 36
43 4 4 59 83 83 83 83 83 69 69
0 0 82 82 38 84 80 73 73 73 73 12
73 71 82 82 60 80 80 80 89 89 89 89 12 79 27 0
80 80 80 80 80 46 68 97 95 59 59 59
18 14 54 0 0 7 56 82 52 52 0
19 32 49 0 0 0 42 18 0

0
67 67 67 5 30
39 68 68 68 68 68 0
82 64 64 64 64 64 66 66 66 66 66

0
0 0 0 0 70 81 31 33 96 96 96 0
84 84

28 47 3 89 84
31 31 29 14 96 39 22 25 0
2 85
0

95 14 31
76 3 47 35 54 47 94 94 94 94
0 0 0 83 89

9 92 93 28 79 92 92 92 46 9 76
0

0
98 46 0 0 0 64
13 44 0 0 61 55 86 78
87 84 84 50 0 0 0 0 0 0
60
72 0
72 0 0 0 0 45 69 93 93 93 93
59 6 58 76
93 28 15

0
4 56 56 56 56 0 0 0 22 42
61 61 48
0
39 42 53 27 83 12 80 80 80 80 80
94 87 73
62 70 42 95 52 55 79 79 79 79 56 47

92 92 88 94 20 100 52 57 57 57 57 57 23 32 40
61 88 18 4 0 0 0 0 0 0 0 97 56 56 56 56 56 27
1 57 92 92 92 0 0
66 91 75 87 55
0 0 0 0 30 83
99 56 72 0 0 46 0 0 0 0 32 66 55 0
86 86 86 28 3 25 3 17 36 84
90 50 50 50 70 45
75 96 41 96 64 77 54 54 54 54 50 0
2 67 64 4
92 38 15 0
19 35 42 0 0 0 0 0 0 79 79 79 79 79 93
0 0 93 93 92 86 92 26
87 99
36 51 0
0 0 0
7

94 66 37
23 83 60 88 66 6 67 22 53 34 0
56 9 25 78 86 34 0


75
95 95 95 36 0
96 78 75 54 60 63 63 95 46 54 94
9 0 0 98 54 57 35
26 83 83 83 83 39 7 53 95 97 53
93 93 0 0 85 97 74 74 74 8 13 41 87 0
84 67
27 48 33 41 36 82 69 51 2 16


95 95 95 95 51 70 70 70
93 93 93 86 0 0 0 0 75 75 75 70 70 70 76 94 94 94 94 94 53 0 0 0 0
1 26 27 94 94 62 59
45 0 0 0 33
15 0 0 77 3 84 84 87 87 1
0




78 79 70 70 93 18 20 0


0 0 0
72 72 67 81 81 35 0
76 47 3 64 64 64 64 64 72
21 1 5
0
2 1 0 0 0 99 32 55 98
55 71 74 74 74 74
27 0 0 0 0 65
0
92 29 72 50 20 41
98 72
54 74

88 95 35 82 0
1 48 85 85 85 78 26 69 40 45 68 96 96
46
0
50 19 38 54 54 54 45
82 82 82 65 69 53 53
34 60 0 0 0 32 22
82 82 82 1 39 91 45 0
37 88 71 71 57
53 99 51 26 48 81 0
80 86 87 19
82 5
38 41 23 17 29 10 64 64 64 19 18
69 69 72 42 69 92 38 77 91 38 0 0 0
83 83 83 83 0 0 94
100 70 88 88 88 88 88

0
0
35 0 0 0 0 11 76 56 1 33 78 78 78 78 0 0 0 0
85 25 76 76 11 51 32 75 75 75 75 0
77 42 66 66 66 66 0 0 0 34 65 93 93 93 93 15
48 36 6 0 0 0 83 34 92 0
50 64 64 64 64 64 88 0 0 0 0 71 79 51 51 51 0 0 0 0 33 0
21 97 50 48 21 42 0
44 15 33 34 96 0 0 0 0 56
49 71 89 26 74 74 74 69 20
0
78 29 88 88 88 88 43 54 71 71 71 60 74 8 44
76 76 76 94 8 82 82 83 83 83 83
58 99 46 92 0
60 60 60 60 36 44 35 68 0 0 0 0
53 53 53 12 98 98 98 77 75 88 0 0 51 0
98 98 98 98 60 28 58 58 58 58 91 71 98 22 71 97 97 97 97 97
0
0
18 90 0 0 0 0 98
91 66 0 0 25 57 83 3
65 87 87 87 87 10 21
0
86 87 87 91 7 75
61
86 86 41 0
28 24 11 68 42 69 61 75 93 93 43
10 95 95 66 66 66 66 66 43 13 3 85 85 85 69 69 69 0 0 65
37 71 71 61 61 61 61 61 31 30 81 78 24 0 0 0 0 47
73 50 50
56 56 56 56 56 15 17 0 0 73 83 63 44
13 87 35 61 61 47 54 41
26 76 76 18 60 76 25 60 65 65 99 0 0



65 16 53 53 53 53 53 30 0 0 85 67 67 36 19 10 0
49 43 80 96 73 77 77
89 43 23 0


99 99 99 99
53 53 26 34 72
68 89 58 18 75 35 0
33 85 78 24 53 54 16
99 99 66 66 25 94 94
3 72 72 72 72 72
36 93 88 34 82 82 82 82 82 95 95 0 0 0
72 68 64 91 91 91 91 91 0
0 0 0 62 42 42 30 56 99 99 99 99 99 95 67
70 0 0 0 0
83 81 84 23 87 87 87 82 0 0 94 94 70 70 70 97 0
73 73 73 73 73 58 8 95 98 98 98 98 98
64
59 0 0 0 0 63 69 69 69 69 69 26 97

73 29 75 72 50 50 30 0 0 0 0 7 8
21 82 20 97 89 76 0 0 0 0 36 0
85 77 77 77 22 49 48 84 84 84 84 84 0


99 99 99 88 88 88 0 0 0 13 93 0
50 65 65 65 65 65 24 44
69 75 0 0
69 0 0 0 50 74 74 74 0 0 0 55 55 55 55 55 82 57 45
20 45 11 96
10 24 0 0 0 66 66
23 93 87 87 87 87 87 77 66 43 34 95 84
0 0 0 3 33 69 17 47 97 56
24 15 1 7 45 18 68 68 68 68 68
72 25 5 82 47 78 52 41 51 51 0
81 81 81 81 35 23 94 97 43 85 85 85 85
96 89 89 89 89 89 55 53 59 59 67 43 34 46 96 0
76 76 76 76 18 57 70 70 65 65 65 65 65 44
6 94 99
48 28 0 0 0 0 0 9
2 73 0
38 10 31 65 57 53 0 0 36 13
0 0 25
59 86 71 52 52 52 10 61 29
58 58 58 58 67 67 67 67 67 0 0 0 55 53 56 13
75 75 75 75 75 92 0
64 64 2 0 0 0 100 40 32 0
92 92 88 16 47 17 69 0 0 0
55 46 43 98 11 7
22 70 70 70 70 70 0 0 52 26 3 4 58 58 4 0
92 92 92 92 92 62 62 62
3 66 20 23 25
63 75
60 43 50 50 50
0
93 93 93 93 14
91 91 91 85 85 83 82 56 100
97 14 79 79 79 73 13 85 87 0
15 6 0 0 0 0
89 53 92
78 21 99 99 99
9 66 22 16 86 47 26 7
70 56

58 95 19 95 95 95 95 64
19
80 80 80 80 41 72 72 96 56 71 58 37 97 97
0
90 39 16 13
9 34 52 0 0 0 0
12 39 88 43 44 65 75 78 34


0
73 45 97 20 36 91 91 28 91 0

7 54 28 27 16 35 3 0 0 0 52 52 52 52 52 2
0 0 0 0 53 53 19 0 0 94 94 94 94 94 61 65 33
14 53 59 34 0 0 0 0 27 84 65 22 0 0 0
85 29 5 9 23 93 33 0 0 0
62 14 0 0 0 48 54 0
0 0 0 77 77 77 77 72 75 75 75 75 75 49 34
6
13 43 100 0
0
86 86 86 86 86
0
0
8 70 91 91 91 76 93 93 66
64
72 0 0 0 0
98 85 85 85 85 85 74 0 0 0 0 0 0 0 28 41
0 0 0
54 72 72 72 72 66 33
55 55 55 93 50 55 55 55 55 3 19 68 59 59 59 0
42 27 19 29 65 88
82 82 82 82 82 42 0
94 50 83 61 48 94 0
81 81 81 81 81
0
84 57 57 57 57 57 99 26 17 67 67 22 23
88 4 88 88 88 88 88 29
58 71 73 15 75 0 0
0
64 64 45 98 50 40
52 52 52 52 52 13 9 94 94 94 84 90 87
79 50 50 50 50 50 81 81 81 0
0
93 93
0 0 0 75 14 44
5 29 0 0 0 52
25 32 2 56 0 0 0 0 0 0 0 98
22 95 21 16 57 85 85
92 24 0 0 0 0 87 87 68 12 0
54 48 19 63 85 93 46 15 53
31 0
0 0 0 61
38
58 58 58 17 45 90 90 90 27 65
0 0 19 89 89 89 89 75 37 16 33 98 98 98 98 57 67
78 72 99 99 99 99 99 73 73 75 56 3
0 0 0 0 18 62 0
83 83 83 21 1 40 18
37 59 17 10 68 85 91 55
36 93 93 93 93 74 12 81

0 0 0 26 18 97 24 88
0 0 0 0 2 99 11
98
52 30
0 0 55 55 55 55 55 21 51 35 86 24
3 85 85 85 85 5 14 61 61 61 61 52 0 0 12 100 21 0
0

63
90 6
5 63
82 16 73 71 48 8 51 51 0 0 0
0 0 69 0 0 0 0 78 64 1
25 36 47 73 73 73 73 68 68 68 68 68 37 61 25 3
57 57 57 64 74 31 54 54 54 54 54
95 95 95 95 0 0 0 0 23 16 10 10 0 0 0 48 2 0
3 96 8 29 55 55 37 0
97 97 97 9 80 97 0 0 0 0 83 83 83 83 83
50 68 76 88 0 0
24
5 54 54 54 54 79 79 79 79 8 44
43 58 0
85 77 77 77 77 77 74 74 74 74 97 1 24 69
74 0
70 3 80 75 21 11
71 71 15 0
57 91 91 91 91 91
52 50 83 97

0
15 67 67 67 67 35 97 97 97 83 73 76 73 0 0 0 0
49 59 47 78 78 78 78 78 69
0
74 10 22 64 64 64 56 57 47 0
63 63 63 63 63 6 68 19 96 0 0 0 92 0
0
0 0 0 79 79 79 79 79 55 79 26 80 95 0
13 8 37 0 0 0 0 90 100 72 44
41 93 93 93 93

13 12 12
67 62 58 58 39 97
1 17 87
20
0

82 75 75 75 75
54 47 87 87 87 87 87 0 0 43 84 95 76 76 76 76 76
13 34 21 74 0
0 0 0 0 7 93 93 92 92 92 45 35 15 94 0 0 0
24 36 7 53 53 53 15 43 92 92 92 92 92
96 50 57 16 31 70 70 70 31 54 86
90 90 90 58 22 49 100 100 100 0 0 0 75
0 0 82 86 98 12 0 0
93 93 93 93 57 49 43 18 86 88 88 88 88 88 99
15 79 79 82 16 14
93 93 93
90 90 90

58 58 60 94 87 87 87 87
55 78 71
92 68 68 58 6
15 38
14 53 49 33 54 54 54 54 54 60 88 88 88 88 50 80 89 89 89 89 89
66
100 99 45 58 52 52 52 52 71 63 53 76 76 76 76 0 0 0 0
66 62 0 0 8 9
82 80 0
76 87
98 91 91 91 91 24 8 47 22 38 83 0
93 29 37 60 34 78 87 87 90 88
19 4 11 2 85 49 42 0 0
59 62 5 46 71 41 96 6 66 66 66 66 34
50 61 61 94 0
0

78 74 17 60 61 68 73 19 3
88 37 3

92 86 52 14 2 20 21 60 60
98 0 0 86 24 51 54 0
99 99 99 99 100 100 100 100 100 50 50 37

48 76 100 65 0 0 71 95
61
93 0 0 0 0 0 0 0 1 73 73 12 14 25 83

20
59 59 59 24 1 32
58 31 94
89 65 94 32 83 81 81 81 81 81 32 29 72 72 72 72 76 0
93 13 0 0 0 0 0
59 21 53 79 79 79 79 60
0 0 0 0 51 51 51 94 96 96 96 96 53 61 94 97 97 97 0
96 96 96 11 71 71 71 71 71 0
15 42 61 23 82 95 95 95 6 83 83 83 83 83 32 0
8 93 33 67 53 62 62 98 68 68 68 0 0
97 46
81 57 57 40 43 0 0 0 36 100 60 39
0

0
85 85 85 12 52 88 16 91 91 91 91 91
68 68 68 68 97 97 91 54 54 54 54 54 1 33 0
63 56 82 82 82 82 82 74 70 77 77 77 77 77 69 69 69 69 69
88 88 31 49 44 0 0 0 8 0
6 32 66 61 61 61 61 61 26 57 57 57 15
55 82 63 21 90 86 86 86 56
94 65 52 52 52 52 52 78 95
0
43 51 38 14
0
58 54 56
78 0
0 0 0 0 5 89 0
78 78 78 78 39 45
87 87 87 84 84 84 84 11 46 58 44 16
97 97 97 97 96 38 66 22 57 51 51 51 51 51 82 82 56 0
0 0 0 0 99 67 67 67
55 55 55 96 87 0 0 0 91 77 74

62 0
91 30 54 72 11 40 81 92 92 50 63 63
21

85 98 98 98 98 98 71 71 0 0 0 81 99 3 10 49 61
43 22 12 87 50 50 50 50 50 17 62 90 66 0
42 66 66 66 66 66 19 60

0


21 0
28 73 33 6 27 71 8
45 30 95 95 95 95 95 3
43 18 82
94 94 94 6 36 0 0 44 22 40 98 49 0
90 90 90 90 81

40 97
76 34 89 59 59 0 0 96 49
96 86 91


71 66 66 66 66 79 40 17 0 0 0 0 56 90 90
76 76 74 57 39 43 45 64 86 77 22
0 0 0 0 24 69 66 72 79

66

77 77 77 100 100 100 100 100 0
99 99 99 99 96 96 96 96 72 72 72 72 72 74 74 74 74 63
9 0 0 0 0 90 26 94 80 70 0 0 0 0 0 68
61 0
0 0 0 87 22 50 50 50 27 19
0 0 0 0 0 0
0
0
60
21 11 0 0 59 74 20 40 72 83 83 83 0

67 86 98 95 95 95 14 0
26 75 47 61 84 75 75 0 0
53 58 58 56 55 55 55 78
80 0 0 0 0 74
7 86 86 0 0 0 95 98 75 16 89 0
35 93 20 84 93 0 0 74
10 84 0 0 0 68 80 93 83 88 0
77
47 0
0 0 0 0 0 0 0
56
53 11 0 0 0 0 88 2 67 56 53 71 49
30 36 47 21 73 46 83 0
54 54 54 54
67 52 0 0 5
74 23 28 83 0 0 0 0 21
82 22 13 5
68 59 92
51 80 80 80 80 80 49 11 79 71 71 71 71 71
57 92 26 73 48 86
16 37 8 0 0 57 57 57 57 57 47 59 14 21 60
0
40 53 40 17 33 2 36 78 78 78 78 0 0 0 0
63 87 87 87 87
91
0 0 0 0 0 78 38 85 85 85 85 85 60 78 65
48 26 95 22 69
0
31 84 96 96 96 9 0 0 0 94 73 1 89 29
94 14 88 77 77 2 36 75 75 75 75 75 70 70 70 7 0
78 78 78 42 0 0 0 0
13 58 95 95 95
64 64 0 0 59 85 85
79 67 67 67 67 67 88 73 73 78 81 81
90 51 62 8 87 87 87 93 0 0 0 0 0
